Time,Flow Rate,Speed,Density,Waiting Time,Arrival Rate
3,0.0,13.02,0.51,0,900.0
6,0.0,38.99,3.57,0,3600.0
9,0.0,46.02,6.64,0,4680.0
12,0.0,45.08,12.77,0,6092.31
15,0.0,45.61,17.87,0,7650.0
18,0.0,45.72,23.49,0,8715.79
21,0.0,45.64,28.59,0,9163.64
24,0.0,44.52,34.72,0,9792.0
27,0.0,44.76,40.85,0,10285.71
30,0.0,44.58,48.0,0,10800.0
33,0.0,44.33,54.13,0,11117.65
36,0.0,44.53,59.74,0,11383.78
39,180.0,43.71,65.87,0,11700.0
42,334.88,42.81,72.0,1.0,11888.37
45,469.57,42.16,79.66,3.5,12365.22
48,661.22,40.66,82.21,3.4,12122.45
